1.258500000000000000e+03 1.256500000000000000e+03
1.265500000000000000e+03 1.209000000000000000e+03
1.271500000000000000e+03 1.162500000000000000e+03
1.277500000000000000e+03 1.117000000000000000e+03
1.284500000000000000e+03 1.071500000000000000e+03
1.290500000000000000e+03 1.027000000000000000e+03
1.297654907226562500e+03 9.812082519531250000e+02
1.300591186523437500e+03 9.374151611328125000e+02
1.308500000000000000e+03 8.965000000000000000e+02
1.312500000000000000e+03 8.545000000000000000e+02
1.319500000000000000e+03 8.125000000000000000e+02
1.323486694335937500e+03 7.685339355468750000e+02
1.330000000000000000e+03 7.300000000000000000e+02
1.335500000000000000e+03 6.890000000000000000e+02
1.339575805664062500e+03 6.503548583984375000e+02
1.346000000000000000e+03 6.095000000000000000e+02
1.352339843750000000e+03 5.685458374023437500e+02
1.356000000000000000e+03 5.315000000000000000e+02
1.362363769531250000e+03 4.915469665527343750e+02
1.365503784179687500e+03 4.531287841796875000e+02
1.372176757812500000e+03 4.162633972167968750e+02
1.375396850585937500e+03 3.788748168945312500e+02
1.380500000000000000e+03 3.445000000000000000e+02
1.385500000000000000e+03 3.080000000000000000e+02
1.390000000000000000e+03 2.720000000000000000e+02
1.393786010742187500e+03 2.351524353027343750e+02
1.399500000000000000e+03 2.015000000000000000e+02
1.403050659179687500e+03 1.657447814941406250e+02
1.308500000000000000e+03 1.258000000000000000e+03
1.313504516601562500e+03 1.212353515625000000e+03
1.321500000000000000e+03 1.164500000000000000e+03
1.328989868164062500e+03 1.117038696289062500e+03
1.333500000000000000e+03 1.073000000000000000e+03
1.339968750000000000e+03 1.026423706054687500e+03
1.344500000000000000e+03 9.840000000000000000e+02
1.351350708007812500e+03 9.388969726562500000e+02
1.354947265625000000e+03 8.945460205078125000e+02
1.361719970703125000e+03 8.532299804687500000e+02
1.366000000000000000e+03 8.130000000000000000e+02
1.370500000000000000e+03 7.710000000000000000e+02
1.375885620117187500e+03 7.282376098632812500e+02
1.383089721679687500e+03 6.883426513671875000e+02
1.385870727539062500e+03 6.479448852539062500e+02
1.392759399414062500e+03 6.086167602539062500e+02
1.396000000000000000e+03 5.715000000000000000e+02
1.402623413085937500e+03 5.306404418945312500e+02
1.405355834960937500e+03 4.925355529785156250e+02
1.411978515625000000e+03 4.545555725097656250e+02
1.415329345703125000e+03 4.160438842773437500e+02
1.420546142578125000e+03 3.795102233886718750e+02
1.424000000000000000e+03 3.450000000000000000e+02
1.429883911132812500e+03 3.064930725097656250e+02
1.432999877929687500e+03 2.706849365234375000e+02
1.438536254882812500e+03 2.351716308593750000e+02
1.443110473632812500e+03 2.019184722900390625e+02
1.443000000000000000e+03 1.690000000000000000e+02
1.360537841796875000e+03 1.258615356445312500e+03
1.364500000000000000e+03 1.213000000000000000e+03
1.372025634765625000e+03 1.164811279296875000e+03
1.375429687500000000e+03 1.118235717773437500e+03
1.382000000000000000e+03 1.075500000000000000e+03
1.386500000000000000e+03 1.030500000000000000e+03
1.393993774414062500e+03 9.845090332031250000e+02
1.398261840820312500e+03 9.437267456054687500e+02
1.403500000000000000e+03 8.995000000000000000e+02
1.408000000000000000e+03 8.565000000000000000e+02
1.414467529296875000e+03 8.125460815429687500e+02
1.417000000000000000e+03 7.735000000000000000e+02
1.423500000000000000e+03 7.325000000000000000e+02
1.427500000000000000e+03 6.910000000000000000e+02
1.432000000000000000e+03 6.510000000000000000e+02
1.437000000000000000e+03 6.110000000000000000e+02
1.443202514648437500e+03 5.703336791992187500e+02
1.444794433593750000e+03 5.309976806640625000e+02
1.451619018554687500e+03 4.928495788574218750e+02
1.455222778320312500e+03 4.544303894042968750e+02
1.460917114257812500e+03 4.176048889160156250e+02
1.463753295898437500e+03 3.803255004882812500e+02
1.468268920898437500e+03 3.451867370605468750e+02
1.472392456054687500e+03 3.067589721679687500e+02
1.477660522460937500e+03 2.714418029785156250e+02
1.481010864257812500e+03 2.364791564941406250e+02
1.485599121093750000e+03 2.003691711425781250e+02
1.491000000000000000e+03 1.700000000000000000e+02
1.410255493164062500e+03 1.262552368164062500e+03
1.415500000000000000e+03 1.215500000000000000e+03
1.419500000000000000e+03 1.168500000000000000e+03
1.426000000000000000e+03 1.122500000000000000e+03
1.430356323242187500e+03 1.074457763671875000e+03
1.436931274414062500e+03 1.030249633789062500e+03
1.441500000000000000e+03 9.865000000000000000e+02
1.447612792968750000e+03 9.424738159179687500e+02
1.450500000000000000e+03 9.000000000000000000e+02
1.455000000000000000e+03 8.575000000000000000e+02
1.460000000000000000e+03 8.155000000000000000e+02
1.466000366210937500e+03 7.721148071289062500e+02
1.469500000000000000e+03 7.330000000000000000e+02
1.475263305664062500e+03 6.904137573242187500e+02
1.477315307617187500e+03 6.495833740234375000e+02
1.483472778320312500e+03 6.100404052734375000e+02
1.486717407226562500e+03 5.706254272460937500e+02
1.492289184570312500e+03 5.316276245117187500e+02
1.495595214843750000e+03 4.934342651367187500e+02
1.501258789062500000e+03 4.554332580566406250e+02
1.505324096679687500e+03 4.187825622558593750e+02
1.509077148437500000e+03 3.804722290039062500e+02
1.511775634765625000e+03 3.436452636718750000e+02
1.517000000000000000e+03 3.090000000000000000e+02
1.520531127929687500e+03 2.717911682128906250e+02
1.525451049804687500e+03 2.358544311523437500e+02
1.527530883789062500e+03 2.003247985839843750e+02
1.532745483398437500e+03 1.653014373779296875e+02
1.460000000000000000e+03 1.264500000000000000e+03
1.463615478515625000e+03 1.214444702148437500e+03
1.471249023437500000e+03 1.167512207031250000e+03
1.474634155273437500e+03 1.120014892578125000e+03
1.479500000000000000e+03 1.078000000000000000e+03
1.484000000000000000e+03 1.033500000000000000e+03
1.489500000000000000e+03 9.890000000000000000e+02
1.495400146484375000e+03 9.451232910156250000e+02
1.499536743164062500e+03 8.996530761718750000e+02
1.501919067382812500e+03 8.566157226562500000e+02
1.508471923828125000e+03 8.145901489257812500e+02
1.511684814453125000e+03 7.726649780273437500e+02
1.517148803710937500e+03 7.317697143554687500e+02
1.519591796875000000e+03 6.907504882812500000e+02
1.525480834960937500e+03 6.505298461914062500e+02
1.527364624023437500e+03 6.102902832031250000e+02
1.533000000000000000e+03 5.735000000000000000e+02
1.536590332031250000e+03 5.323992309570312500e+02
1.541670166015625000e+03 4.941453552246093750e+02
1.545161376953125000e+03 4.564888916015625000e+02
1.549933593750000000e+03 4.181021728515625000e+02
1.552353149414062500e+03 3.805623168945312500e+02
1.557292724609375000e+03 3.442341308593750000e+02
1.559697631835937500e+03 3.067201232910156250e+02
1.564856811523437500e+03 2.714819641113281250e+02
1.567675170898437500e+03 2.357787475585937500e+02
1.571734741210937500e+03 1.998267669677734375e+02
1.574247680664062500e+03 1.651114044189453125e+02
1.510500000000000000e+03 1.265500000000000000e+03
1.515000000000000000e+03 1.218000000000000000e+03
1.519500000000000000e+03 1.172000000000000000e+03
1.524500000000000000e+03 1.125500000000000000e+03
1.529000000000000000e+03 1.079500000000000000e+03
1.533000000000000000e+03 1.034500000000000000e+03
1.536755615234375000e+03 9.885439453125000000e+02
1.543360473632812500e+03 9.444406738281250000e+02
1.546296386718750000e+03 9.005081787109375000e+02
1.551350585937500000e+03 8.582319946289062500e+02
1.554500000000000000e+03 8.175000000000000000e+02
1.558500000000000000e+03 7.760000000000000000e+02
1.563000000000000000e+03 7.340000000000000000e+02
1.567000000000000000e+03 6.935000000000000000e+02
1.570500000000000000e+03 6.535000000000000000e+02
1.575471679687500000e+03 6.107541503906250000e+02
1.579000000000000000e+03 5.730000000000000000e+02
1.583408691406250000e+03 5.327787475585937500e+02
1.585000000000000000e+03 4.960000000000000000e+02
1.590901123046875000e+03 4.560870666503906250e+02
1.592559692382812500e+03 4.184193115234375000e+02
1.598230590820312500e+03 3.804682312011718750e+02
1.600615966796875000e+03 3.449238586425781250e+02
1.605197998046875000e+03 3.070803833007812500e+02
1.607317382812500000e+03 2.704946289062500000e+02
1.611738525390625000e+03 2.349916839599609375e+02
1.615136474609375000e+03 2.008750000000000000e+02
1.619377685546875000e+03 1.646738433837890625e+02
1.562453002929687500e+03 1.265630859375000000e+03
1.564491455078125000e+03 1.218216430664062500e+03
1.571154418945312500e+03 1.171333740234375000e+03
1.574000000000000000e+03 1.127000000000000000e+03
1.579628540039062500e+03 1.079243164062500000e+03
1.581697753906250000e+03 1.034192016601562500e+03
1.587948120117187500e+03 9.899972534179687500e+02
1.590500000000000000e+03 9.475000000000000000e+02
1.593500000000000000e+03 9.035000000000000000e+02
1.598500000000000000e+03 8.605000000000000000e+02
1.603232910156250000e+03 8.165040893554687500e+02
1.606000000000000000e+03 7.760000000000000000e+02
1.611307617187500000e+03 7.333331909179687500e+02
1.613669921875000000e+03 6.956237792968750000e+02
1.618473388671875000e+03 6.524460449218750000e+02
1.620000000000000000e+03 6.140000000000000000e+02
1.625675048828125000e+03 5.725018310546875000e+02
1.627556396484375000e+03 5.332710571289062500e+02
1.631931762695312500e+03 4.947128906250000000e+02
1.634176269531250000e+03 4.564176330566406250e+02
1.639240356445312500e+03 4.185649414062500000e+02
1.642329467773437500e+03 3.819833679199218750e+02
1.646390747070312500e+03 3.438838806152343750e+02
1.648480468750000000e+03 3.084266052246093750e+02
1.652953247070312500e+03 2.712882385253906250e+02
1.655325805664062500e+03 2.362865142822265625e+02
1.658970825195312500e+03 1.997224273681640625e+02
1.661597656250000000e+03 1.647975769042968750e+02
1.612371582031250000e+03 1.269170776367187500e+03
1.616500000000000000e+03 1.222500000000000000e+03
1.620000000000000000e+03 1.174500000000000000e+03
1.625183471679687500e+03 1.126697998046875000e+03
1.626435791015625000e+03 1.080625732421875000e+03
1.632802368164062500e+03 1.035593627929687500e+03
1.635000000000000000e+03 9.930000000000000000e+02
1.639500000000000000e+03 9.485000000000000000e+02
1.642809204101562500e+03 9.044960937500000000e+02
1.646500000000000000e+03 8.620000000000000000e+02
1.650000000000000000e+03 8.190000000000000000e+02
1.654000000000000000e+03 7.775000000000000000e+02
1.656121826171875000e+03 7.343191528320312500e+02
1.661633544921875000e+03 6.931741333007812500e+02
1.663881103515625000e+03 6.526130981445312500e+02
1.667807861328125000e+03 6.121053466796875000e+02
1.670404052734375000e+03 5.740553588867187500e+02
1.674847167968750000e+03 5.340140991210937500e+02
1.676616943359375000e+03 4.947623901367187500e+02
1.680895141601562500e+03 4.567567443847656250e+02
1.683278686523437500e+03 4.185106201171875000e+02
1.687047363281250000e+03 3.815364990234375000e+02
1.689212402343750000e+03 3.442710266113281250e+02
1.693625244140625000e+03 3.071045532226562500e+02
1.696269042968750000e+03 2.716641540527343750e+02
1.699373291015625000e+03 2.348233795166015625e+02
1.702000732421875000e+03 1.997746429443359375e+02
1.705588256835937500e+03 1.640365905761718750e+02
1.664994628906250000e+03 1.269535644531250000e+03
1.666500000000000000e+03 1.223500000000000000e+03
1.670500000000000000e+03 1.177000000000000000e+03
1.674521972656250000e+03 1.130099853515625000e+03
1.679425659179687500e+03 1.082547729492187500e+03
1.680500000000000000e+03 1.038500000000000000e+03
1.685669189453125000e+03 9.923392333984375000e+02
1.688000000000000000e+03 9.495000000000000000e+02
1.692437866210937500e+03 9.041160278320312500e+02
1.694442260742187500e+03 8.602567138671875000e+02
1.699027221679687500e+03 8.187152709960937500e+02
1.699820800781250000e+03 7.764136962890625000e+02
1.705475097656250000e+03 7.351240844726562500e+02
1.706500000000000000e+03 6.960000000000000000e+02
1.711536987304687500e+03 6.532922973632812500e+02
1.713130981445312500e+03 6.133449707031250000e+02
1.717622802734375000e+03 5.732770996093750000e+02
1.719145751953125000e+03 5.345256958007812500e+02
1.723277587890625000e+03 4.948839721679687500e+02
1.725010131835937500e+03 4.565015563964843750e+02
1.729815551757812500e+03 4.189980163574218750e+02
1.731272216796875000e+03 3.816724548339843750e+02
1.735118896484375000e+03 3.444589843750000000e+02
1.737082885742187500e+03 3.075514221191406250e+02
1.740863403320312500e+03 2.708684082031250000e+02
1.742744506835937500e+03 2.355062561035156250e+02
1.746760742187500000e+03 1.990081481933593750e+02
1.748277465820312500e+03 1.635952148437500000e+02
1.716234619140625000e+03 1.274481811523437500e+03
1.719358764648437500e+03 1.223608276367187500e+03
1.720500000000000000e+03 1.179000000000000000e+03
1.725338378906250000e+03 1.129710693359375000e+03
1.725600219726562500e+03 1.083680908203125000e+03
1.731416015625000000e+03 1.038220336914062500e+03
1.732964111328125000e+03 9.927349853515625000e+02
1.738380737304687500e+03 9.493414916992187500e+02
1.740000000000000000e+03 9.070000000000000000e+02
1.743626342773437500e+03 8.625122680664062500e+02
1.745500000000000000e+03 8.215000000000000000e+02
1.749532104492187500e+03 7.775242919921875000e+02
1.751454589843750000e+03 7.351766357421875000e+02
1.755665771484375000e+03 6.942558593750000000e+02
1.757444091796875000e+03 6.529628295898437500e+02
1.761280761718750000e+03 6.133737792968750000e+02
1.762703491210937500e+03 5.740057983398437500e+02
1.766995727539062500e+03 5.346284179687500000e+02
1.768083129882812500e+03 4.956057128906250000e+02
1.772551513671875000e+03 4.572042541503906250e+02
1.774075683593750000e+03 4.198311462402343750e+02
1.777620849609375000e+03 3.811668090820312500e+02
1.779224243164062500e+03 3.445964660644531250e+02
1.782668212890625000e+03 3.072504882812500000e+02
1.784434448242187500e+03 2.707996520996093750e+02
1.787813964843750000e+03 2.344282989501953125e+02
1.788927368164062500e+03 1.981767578125000000e+02
1.791949462890625000e+03 1.634043273925781250e+02
1.766000000000000000e+03 1.275500000000000000e+03
1.768500000000000000e+03 1.227500000000000000e+03
1.772000000000000000e+03 1.180000000000000000e+03
1.774500000000000000e+03 1.133000000000000000e+03
1.778899658203125000e+03 1.085251098632812500e+03
1.779728881835937500e+03 1.039575561523437500e+03
1.783500000000000000e+03 9.965000000000000000e+02
1.785302246093750000e+03 9.502206420898437500e+02
1.789566894531250000e+03 9.063097534179687500e+02
1.791000000000000000e+03 8.650000000000000000e+02
1.795500976562500000e+03 8.207315063476562500e+02
1.796721191406250000e+03 7.777426757812500000e+02
1.800747436523437500e+03 7.367632446289062500e+02
1.802500000000000000e+03 6.960000000000000000e+02
1.805372802734375000e+03 6.544226074218750000e+02
1.806538330078125000e+03 6.143587646484375000e+02
1.810596557617187500e+03 5.735480346679687500e+02
1.812500000000000000e+03 5.355000000000000000e+02
1.815504272460937500e+03 4.954311523437500000e+02
1.817125976562500000e+03 4.574044189453125000e+02
1.820308105468750000e+03 4.189248352050781250e+02
1.821591918945312500e+03 3.812141113281250000e+02
1.825240722656250000e+03 3.440851135253906250e+02
1.826488159179687500e+03 3.074706726074218750e+02
1.829412597656250000e+03 2.704970397949218750e+02
1.831597534179687500e+03 2.347374420166015625e+02
1.834824462890625000e+03 1.979830169677734375e+02
1.835752807617187500e+03 1.626048736572265625e+02
1.815639038085937500e+03 1.275717407226562500e+03
1.820500000000000000e+03 1.229500000000000000e+03
1.822369384765625000e+03 1.179701416015625000e+03
1.825500000000000000e+03 1.135000000000000000e+03
1.826780273437500000e+03 1.086628906250000000e+03
1.830500000000000000e+03 1.043000000000000000e+03
1.832544067382812500e+03 9.956361083984375000e+02
1.836243896484375000e+03 9.512791748046875000e+02
1.837500000000000000e+03 9.095000000000000000e+02
1.841704711914062500e+03 8.644071655273437500e+02
1.842151977539062500e+03 8.206871337890625000e+02
1.846452758789062500e+03 7.787192993164062500e+02
1.846728271484375000e+03 7.367481689453125000e+02
1.850440551757812500e+03 6.954698486328125000e+02
1.852000000000000000e+03 6.555000000000000000e+02
1.855286010742187500e+03 6.145377197265625000e+02
1.856605712890625000e+03 5.743912353515625000e+02
1.859372802734375000e+03 5.346949462890625000e+02
1.861304443359375000e+03 4.968578186035156250e+02
1.863683715820312500e+03 4.560211486816406250e+02
1.865820800781250000e+03 4.197725830078125000e+02
1.868693115234375000e+03 3.812690124511718750e+02
1.869668212890625000e+03 3.439729003906250000e+02
1.872271606445312500e+03 3.070922546386718750e+02
1.873624267578125000e+03 2.698377380371093750e+02
1.876428710937500000e+03 2.337411651611328125e+02
1.877631469726562500e+03 1.978746948242187500e+02
1.880260009765625000e+03 1.616497497558593750e+02
1.871853881835937500e+03 1.277703247070312500e+03
1.872500000000000000e+03 1.231000000000000000e+03
1.875838134765625000e+03 1.181689819335937500e+03
1.875776855468750000e+03 1.134245605468750000e+03
1.879695312500000000e+03 1.088269531250000000e+03
1.880241821289062500e+03 1.042222167968750000e+03
1.884235717773437500e+03 9.971378173828125000e+02
1.883622192382812500e+03 9.528470458984375000e+02
1.888491577148437500e+03 9.084874877929687500e+02
1.889788574218750000e+03 8.667886962890625000e+02
1.891980468750000000e+03 8.219865112304687500e+02
1.893354614257812500e+03 7.792742919921875000e+02
1.896875854492187500e+03 7.374250488281250000e+02
1.897510131835937500e+03 6.953127441406250000e+02
1.900314575195312500e+03 6.550848999023437500e+02
1.900951538085937500e+03 6.143665161132812500e+02
1.903956176757812500e+03 5.746031494140625000e+02
1.905530151367187500e+03 5.355300292968750000e+02
1.908378295898437500e+03 4.956840515136718750e+02
1.909480590820312500e+03 4.578636779785156250e+02
1.912054199218750000e+03 4.189170227050781250e+02
1.912466796875000000e+03 3.810132751464843750e+02
1.915766357421875000e+03 3.437422790527343750e+02
1.917136962890625000e+03 3.070860900878906250e+02
1.919452636718750000e+03 2.695904235839843750e+02
1.920951049804687500e+03 2.341187286376953125e+02
1.922548461914062500e+03 1.973608245849609375e+02
1.923984497070312500e+03 1.614725799560546875e+02
1.920827392578125000e+03 1.279506103515625000e+03
1.925382690429687500e+03 1.231241577148437500e+03
1.926000000000000000e+03 1.184500000000000000e+03
1.929111450195312500e+03 1.136202270507812500e+03
1.928758789062500000e+03 1.089343505859375000e+03
1.932746459960937500e+03 1.043822875976562500e+03
1.933000000000000000e+03 1.000000000000000000e+03
1.936021606445312500e+03 9.534214477539062500e+02
1.935715942382812500e+03 9.095128784179687500e+02
1.939331909179687500e+03 8.655786132812500000e+02
1.940500000000000000e+03 8.240000000000000000e+02
1.942973510742187500e+03 7.803267822265625000e+02
1.943176147460937500e+03 7.381192626953125000e+02
1.946000000000000000e+03 6.975000000000000000e+02
1.947048339843750000e+03 6.553528442382812500e+02
1.949398681640625000e+03 6.138113403320312500e+02
1.950600463867187500e+03 5.741193847656250000e+02
1.953064575195312500e+03 5.349307250976562500e+02
1.953582153320312500e+03 4.960660095214843750e+02
1.956016113281250000e+03 4.576058959960937500e+02
1.957211547851562500e+03 4.194251403808593750e+02
1.959751831054687500e+03 3.812053222656250000e+02
1.960540649414062500e+03 3.437272644042968750e+02
1.963042480468750000e+03 3.064857177734375000e+02
1.964312988281250000e+03 2.698130187988281250e+02
1.965978637695312500e+03 2.323416748046875000e+02
1.967145507812500000e+03 1.966769866943359375e+02
1.968522705078125000e+03 1.609918518066406250e+02
1.975500000000000000e+03 1.284000000000000000e+03
1.976500000000000000e+03 1.234500000000000000e+03
1.979517578125000000e+03 1.185247558593750000e+03
1.979500000000000000e+03 1.139500000000000000e+03
1.980500000000000000e+03 1.093000000000000000e+03
1.981365844726562500e+03 1.044769042968750000e+03
1.985838134765625000e+03 1.000316406250000000e+03
1.984241455078125000e+03 9.541640625000000000e+02
1.987948364257812500e+03 9.104091796875000000e+02
1.987557861328125000e+03 8.662744140625000000e+02
1.990189941406250000e+03 8.230837402343750000e+02
1.991000000000000000e+03 7.820000000000000000e+02
1.993563842773437500e+03 7.385668334960937500e+02
1.994000000000000000e+03 6.975000000000000000e+02
1.996192871093750000e+03 6.557122192382812500e+02
1.997115112304687500e+03 6.158970336914062500e+02
1.998515625000000000e+03 5.757689819335937500e+02
1.999596191406250000e+03 5.358117065429687500e+02
2.002017578125000000e+03 4.959665222167968750e+02
2.002166625976562500e+03 4.569126892089843750e+02
2.005155395507812500e+03 4.187063293457031250e+02
2.004811157226562500e+03 3.804541625976562500e+02
2.007267211914062500e+03 3.431667175292968750e+02
2.008118774414062500e+03 3.060780639648437500e+02
2.009486206054687500e+03 2.694437561035156250e+02
2.011067749023437500e+03 2.329570007324218750e+02
2.012298339843750000e+03 1.958192749023437500e+02
2.013608642578125000e+03 1.597939147949218750e+02
2.026867431640625000e+03 1.283689697265625000e+03
2.030722412109375000e+03 1.235070068359375000e+03
2.028856323242187500e+03 1.186519409179687500e+03
2.031000000000000000e+03 1.141000000000000000e+03
2.032500000000000000e+03 1.094000000000000000e+03
2.033500000000000000e+03 1.048000000000000000e+03
2.033777832031250000e+03 1.000521301269531250e+03
2.037328613281250000e+03 9.560723876953125000e+02
2.035814208984375000e+03 9.112663574218750000e+02
2.039231445312500000e+03 8.673869018554687500e+02
2.039044433593750000e+03 8.253180541992187500e+02
2.041150024414062500e+03 7.811295776367187500e+02
2.040876098632812500e+03 7.387483520507812500e+02
2.043625366210937500e+03 6.969740600585937500e+02
2.043707275390625000e+03 6.555697021484375000e+02
2.045607543945312500e+03 6.150228881835937500e+02
2.045720703125000000e+03 5.757238159179687500e+02
2.047560913085937500e+03 5.354190063476562500e+02
2.048049316406250000e+03 4.962171020507812500e+02
2.050191650390625000e+03 4.571259765625000000e+02
2.050563476562500000e+03 4.195370483398437500e+02
2.051791259765625000e+03 3.807382507324218750e+02
2.052719970703125000e+03 3.432841491699218750e+02
2.053918701171875000e+03 3.057153320312500000e+02
2.055132080078125000e+03 2.688672790527343750e+02
2.055916259765625000e+03 2.318162994384765625e+02
2.057186279296875000e+03 1.955996398925781250e+02
2.058435546875000000e+03 1.594635925292968750e+02
2.081500000000000000e+03 1.287500000000000000e+03
2.082598144531250000e+03 1.239176025390625000e+03
2.082500000000000000e+03 1.190500000000000000e+03
2.082403808593750000e+03 1.140800415039062500e+03
2.085635498046875000e+03 1.094056640625000000e+03
2.084500000000000000e+03 1.049000000000000000e+03
2.087466552734375000e+03 1.002569458007812500e+03
2.087000000000000000e+03 9.590000000000000000e+02
2.088294921875000000e+03 9.122419433593750000e+02
2.087351562500000000e+03 8.680171508789062500e+02
2.090161621093750000e+03 8.249685058593750000e+02
2.089608398437500000e+03 7.818501586914062500e+02
2.090718505859375000e+03 7.402674560546875000e+02
2.091075439453125000e+03 6.984257812500000000e+02
2.092939453125000000e+03 6.566112060546875000e+02
2.093507324218750000e+03 6.165281372070312500e+02
2.094238525390625000e+03 5.752426147460937500e+02
2.094138183593750000e+03 5.361356201171875000e+02
2.096244140625000000e+03 4.956237182617187500e+02
2.096059570312500000e+03 4.574041442871093750e+02
2.097579589843750000e+03 4.188330688476562500e+02
2.098096923828125000e+03 3.802348327636718750e+02
2.099242675781250000e+03 3.430662231445312500e+02
2.100092773437500000e+03 3.054999694824218750e+02
2.100291748046875000e+03 2.685860900878906250e+02
2.101582763671875000e+03 2.316762390136718750e+02
2.102814453125000000e+03 1.947845153808593750e+02
2.103398681640625000e+03 1.590913848876953125e+02
2.134581054687500000e+03 1.287571655273437500e+03
2.136609619140625000e+03 1.238523803710937500e+03
2.135500000000000000e+03 1.192000000000000000e+03
2.136806884765625000e+03 1.142358276367187500e+03
2.134819824218750000e+03 1.095422729492187500e+03
2.138121093750000000e+03 1.048789794921875000e+03
2.135518798828125000e+03 1.003112548828125000e+03
2.138595703125000000e+03 9.573869628906250000e+02
2.136832031250000000e+03 9.135718994140625000e+02
2.139400390625000000e+03 8.690093994140625000e+02
2.138481445312500000e+03 8.256695556640625000e+02
2.140438964843750000e+03 7.826360473632812500e+02
2.139056884765625000e+03 7.398669433593750000e+02
2.141284667968750000e+03 6.981613159179687500e+02
2.140749511718750000e+03 6.562866210937500000e+02
2.142093505859375000e+03 6.154243774414062500e+02
2.141168212890625000e+03 5.757879638671875000e+02
2.143232177734375000e+03 5.354390869140625000e+02
2.143077392578125000e+03 4.957070617675781250e+02
2.144367187500000000e+03 4.569850463867187500e+02
2.144551513671875000e+03 4.194740905761718750e+02
2.145413818359375000e+03 3.805271911621093750e+02
2.145370117187500000e+03 3.427304077148437500e+02
2.146742187500000000e+03 3.047431030273437500e+02
2.146326171875000000e+03 2.677667236328125000e+02
2.147182128906250000e+03 2.314802703857421875e+02
2.147514160156250000e+03 1.944803466796875000e+02
2.148504882812500000e+03 1.581384124755859375e+02
2.190776855468750000e+03 1.289870727539062500e+03
2.188500000000000000e+03 1.242500000000000000e+03
2.189000000000000000e+03 1.194000000000000000e+03
2.186675537109375000e+03 1.144495605468750000e+03
2.189864746093750000e+03 1.096504638671875000e+03
2.188042724609375000e+03 1.050496826171875000e+03
2.189768554687500000e+03 1.004371948242187500e+03
2.188628906250000000e+03 9.587015991210937500e+02
2.190166992187500000e+03 9.143302001953125000e+02
2.187780761718750000e+03 8.702073974609375000e+02
2.189873535156250000e+03 8.257537841796875000e+02
2.189194335937500000e+03 7.835192871093750000e+02
2.190768066406250000e+03 7.408772583007812500e+02
2.188776123046875000e+03 6.985217895507812500e+02
2.190561523437500000e+03 6.565331420898437500e+02
2.190099121093750000e+03 6.158791503906250000e+02
2.191180419921875000e+03 5.755269775390625000e+02
2.190507568359375000e+03 5.363203735351562500e+02
2.191548828125000000e+03 4.964137573242187500e+02
2.190185546875000000e+03 4.570953063964843750e+02
2.192116210937500000e+03 4.181675720214843750e+02
2.191575439453125000e+03 3.796234436035156250e+02
2.192593994140625000e+03 3.416414184570312500e+02
2.193104003906250000e+03 3.046971130371093750e+02
2.193151855468750000e+03 2.670854492187500000e+02
2.193208496093750000e+03 2.310892333984375000e+02
2.193514404296875000e+03 1.941449279785156250e+02
2.193802246093750000e+03 1.576958007812500000e+02
2.243000000000000000e+03 1.293500000000000000e+03
2.243863281250000000e+03 1.242005859375000000e+03
2.240644775390625000e+03 1.193913940429687500e+03
2.242000000000000000e+03 1.148000000000000000e+03
2.241500000000000000e+03 1.100000000000000000e+03
2.241000000000000000e+03 1.053500000000000000e+03
2.240500000000000000e+03 1.007000000000000000e+03
2.241171142578125000e+03 9.596497802734375000e+02
2.240000000000000000e+03 9.170000000000000000e+02
2.240500000000000000e+03 8.725000000000000000e+02
2.239115966796875000e+03 8.265344238281250000e+02
2.240302490234375000e+03 7.832183837890625000e+02
2.239997070312500000e+03 7.428835449218750000e+02
2.239905029296875000e+03 6.987385253906250000e+02
2.238345214843750000e+03 6.575531005859375000e+02
2.239683837890625000e+03 6.162314453125000000e+02
2.238811035156250000e+03 5.758792724609375000e+02
2.239643798828125000e+03 5.349829711914062500e+02
2.239117919921875000e+03 4.966945190429687500e+02
2.239415283203125000e+03 4.570364379882812500e+02
2.239200683593750000e+03 4.184087829589843750e+02
2.239017822265625000e+03 3.798343200683593750e+02
2.238839599609375000e+03 3.415690917968750000e+02
2.239172607421875000e+03 3.043406982421875000e+02
2.239241943359375000e+03 2.669812622070312500e+02
2.239468261718750000e+03 2.294196624755859375e+02
2.239295166015625000e+03 1.934359893798828125e+02
2.239500488281250000e+03 1.572154083251953125e+02
2.297500000000000000e+03 1.296000000000000000e+03
2.297000000000000000e+03 1.246000000000000000e+03
2.295500000000000000e+03 1.197000000000000000e+03
2.294000976562500000e+03 1.147170043945312500e+03
2.294500000000000000e+03 1.101500000000000000e+03
2.292593994140625000e+03 1.052592773437500000e+03
2.294029785156250000e+03 1.006301086425781250e+03
2.291954589843750000e+03 9.606670532226562500e+02
2.292782226562500000e+03 9.157030029296875000e+02
2.291000000000000000e+03 8.730000000000000000e+02
2.291747070312500000e+03 8.274998779296875000e+02
2.288940917968750000e+03 7.845976562500000000e+02
2.290618652343750000e+03 7.413112792968750000e+02
2.289007812500000000e+03 6.997550659179687500e+02
2.289674804687500000e+03 6.580465087890625000e+02
2.288408203125000000e+03 6.164140625000000000e+02
2.288476318359375000e+03 5.756187133789062500e+02
2.287593994140625000e+03 5.359293212890625000e+02
2.287610107421875000e+03 4.961944274902343750e+02
2.287105712890625000e+03 4.568026733398437500e+02
2.286916503906250000e+03 4.183539123535156250e+02
2.286200439453125000e+03 3.794451293945312500e+02
2.286435058593750000e+03 3.415454406738281250e+02
2.285829589843750000e+03 3.035058593750000000e+02
2.286261718750000000e+03 2.663791503906250000e+02
2.285319335937500000e+03 2.292085571289062500e+02
2.285411865234375000e+03 1.929671020507812500e+02
2.284998779296875000e+03 1.566347808837890625e+02
2.353000000000000000e+03 1.297500000000000000e+03
2.352950683593750000e+03 1.246317504882812500e+03
2.348526123046875000e+03 1.197234008789062500e+03
2.348000000000000000e+03 1.150000000000000000e+03
2.348000000000000000e+03 1.103000000000000000e+03
2.346500000000000000e+03 1.056000000000000000e+03
2.344580322265625000e+03 1.007536132812500000e+03
2.345756591796875000e+03 9.621815795898437500e+02
2.342840820312500000e+03 9.168511962890625000e+02
2.343000000000000000e+03 8.735000000000000000e+02
2.340513916015625000e+03 8.284164428710937500e+02
2.341790283203125000e+03 7.844702148437500000e+02
2.339754150390625000e+03 7.420075073242187500e+02
2.340162841796875000e+03 6.992686767578125000e+02
2.339010986328125000e+03 6.589736938476562500e+02
2.339116699218750000e+03 6.171799316406250000e+02
2.337064941406250000e+03 5.765430908203125000e+02
2.336807128906250000e+03 5.352209472656250000e+02
2.336046386718750000e+03 4.960777587890625000e+02
2.335382812500000000e+03 4.566984863281250000e+02
2.334433837890625000e+03 4.177265319824218750e+02
2.334472656250000000e+03 3.792989196777343750e+02
2.334000488281250000e+03 3.410808410644531250e+02
2.332802978515625000e+03 3.031683349609375000e+02
2.332224853515625000e+03 2.659049987792968750e+02
2.332000488281250000e+03 2.288381347656250000e+02
2.331406738281250000e+03 1.926870574951171875e+02
2.330957763671875000e+03 1.558816833496093750e+02
2.408000000000000000e+03 1.300000000000000000e+03
2.406500000000000000e+03 1.250000000000000000e+03
2.404000000000000000e+03 1.200500000000000000e+03
2.402222900390625000e+03 1.150072265625000000e+03
2.402770751953125000e+03 1.102727050781250000e+03
2.400000000000000000e+03 1.057000000000000000e+03
2.399000000000000000e+03 1.010500000000000000e+03
2.396920410156250000e+03 9.633315429687500000e+02
2.396836425781250000e+03 9.174347534179687500e+02
2.395000000000000000e+03 8.745000000000000000e+02
2.394316406250000000e+03 8.289533081054687500e+02
2.391796142578125000e+03 7.860447387695312500e+02
2.391641357421875000e+03 7.422861328125000000e+02
2.389427490234375000e+03 7.002296142578125000e+02
2.389493652343750000e+03 6.584834594726562500e+02
2.387199218750000000e+03 6.169854736328125000e+02
2.387201171875000000e+03 5.764969482421875000e+02
2.385418212890625000e+03 5.358757934570312500e+02
2.385104736328125000e+03 4.953863525390625000e+02
2.383776611328125000e+03 4.562745056152343750e+02
2.383591308593750000e+03 4.174084777832031250e+02
2.382361572265625000e+03 3.781730346679687500e+02
2.381669677734375000e+03 3.400269775390625000e+02
2.380431152343750000e+03 3.030786743164062500e+02
2.379806640625000000e+03 2.655840759277343750e+02
2.378781738281250000e+03 2.286052398681640625e+02
2.377753173828125000e+03 1.915886840820312500e+02
2.376656005859375000e+03 1.553548431396484375e+02
2.462742187500000000e+03 1.299564453125000000e+03
2.462000000000000000e+03 1.252500000000000000e+03
2.458551513671875000e+03 1.200516601562500000e+03
2.459464355468750000e+03 1.152529174804687500e+03
2.456043457031250000e+03 1.105485229492187500e+03
2.454508056640625000e+03 1.056532592773437500e+03
2.450974853515625000e+03 1.010365234375000000e+03
2.451139160156250000e+03 9.635697021484375000e+02
2.447428466796875000e+03 9.187692871093750000e+02
2.447000000000000000e+03 8.755000000000000000e+02
2.444045410156250000e+03 8.295522460937500000e+02
2.444797363281250000e+03 7.857750244140625000e+02
2.441771972656250000e+03 7.425767822265625000e+02
2.441323486328125000e+03 7.001886596679687500e+02
2.439242431640625000e+03 6.586154174804687500e+02
2.438645019531250000e+03 6.171585693359375000e+02
2.436246826171875000e+03 5.761487426757812500e+02
2.435588623046875000e+03 5.356649169921875000e+02
2.434123779296875000e+03 4.956489562988281250e+02
2.432720703125000000e+03 4.565631103515625000e+02
2.431962158203125000e+03 4.171827087402343750e+02
2.430570312500000000e+03 3.781602783203125000e+02
2.429198486328125000e+03 3.399167175292968750e+02
2.428430908203125000e+03 3.018856201171875000e+02
2.426740234375000000e+03 2.654604492187500000e+02
2.425698974609375000e+03 2.280806121826171875e+02
2.424055908203125000e+03 1.916320037841796875e+02
2.423010742187500000e+03 1.550971832275390625e+02
2.519500000000000000e+03 1.304500000000000000e+03
2.516369628906250000e+03 1.252180419921875000e+03
2.514500000000000000e+03 1.204500000000000000e+03
2.511901367187500000e+03 1.153493164062500000e+03
2.511535888671875000e+03 1.105686279296875000e+03
2.506977294921875000e+03 1.058174316406250000e+03
2.506791748046875000e+03 1.012003356933593750e+03
2.504000000000000000e+03 9.660000000000000000e+02
2.501500000000000000e+03 9.205000000000000000e+02
2.498410644531250000e+03 8.749284057617187500e+02
2.499326416015625000e+03 8.305495605468750000e+02
2.495622314453125000e+03 7.875538330078125000e+02
2.491000000000000000e+03 7.460000000000000000e+02
2.491404785156250000e+03 7.008513793945312500e+02
2.490367919921875000e+03 6.591180419921875000e+02
2.488321777343750000e+03 6.173642578125000000e+02
2.486893066406250000e+03 5.758088378906250000e+02
2.484588867187500000e+03 5.352943725585937500e+02
2.483807128906250000e+03 4.955447998046875000e+02
2.481883544921875000e+03 4.557016601562500000e+02
2.480772460937500000e+03 4.165315551757812500e+02
2.478557373046875000e+03 3.780061645507812500e+02
2.476930664062500000e+03 3.396637573242187500e+02
2.475427734375000000e+03 3.022654724121093750e+02
2.474412597656250000e+03 2.644727478027343750e+02
2.472165771484375000e+03 2.277262573242187500e+02
2.471182128906250000e+03 1.907852478027343750e+02
2.469594726562500000e+03 1.545451202392578125e+02
