2.163237792968750000e+03 1.224130249023437500e+03
2.060561279296875000e+03 1.232205078125000000e+03
1.957215576171875000e+03 1.241122314453125000e+03
1.855648803710937500e+03 1.248377441406250000e+03
1.753714111328125000e+03 1.257012451171875000e+03
1.652102783203125000e+03 1.265617065429687500e+03
1.550792236328125000e+03 1.273340820312500000e+03
1.449716552734375000e+03 1.281660400390625000e+03
1.348719116210937500e+03 1.290484741210937500e+03
2.155125488281250000e+03 1.120440063476562500e+03
2.051575927734375000e+03 1.129590332031250000e+03
1.949442382812500000e+03 1.137465942382812500e+03
1.847331542968750000e+03 1.146733154296875000e+03
1.746122924804687500e+03 1.153996948242187500e+03
1.644138183593750000e+03 1.162789306640625000e+03
1.543606079101562500e+03 1.171667968750000000e+03
1.441229003906250000e+03 1.179276855468750000e+03
1.341637207031250000e+03 1.187580200195312500e+03
2.145520507812500000e+03 1.017886474609375000e+03
2.043390747070312500e+03 1.026690673828125000e+03
1.940542236328125000e+03 1.035930664062500000e+03
1.839304687500000000e+03 1.044510620117187500e+03
1.737466186523437500e+03 1.053251098632812500e+03
1.636780883789062500e+03 1.061056640625000000e+03
1.534578369140625000e+03 1.069486328125000000e+03
1.434777099609375000e+03 1.077893188476562500e+03
1.333882690429687500e+03 1.086514526367187500e+03
2.138380615234375000e+03 9.151308593750000000e+02
2.035502441406250000e+03 9.252801513671875000e+02
1.932621337890625000e+03 9.338576049804687500e+02
1.830164794921875000e+03 9.419307250976562500e+02
1.729824462890625000e+03 9.513150024414062500e+02
1.628022460937500000e+03 9.604317626953125000e+02
1.527726684570312500e+03 9.682830810546875000e+02
1.426710815429687500e+03 9.775281372070312500e+02
1.326375854492187500e+03 9.846210327148437500e+02
2.130682617187500000e+03 8.138228149414062500e+02
2.026851684570312500e+03 8.220965576171875000e+02
1.923539672851562500e+03 8.312841796875000000e+02
1.823606689453125000e+03 8.406740722656250000e+02
1.720964477539062500e+03 8.491187744140625000e+02
1.620478027343750000e+03 8.578960571289062500e+02
1.519440429687500000e+03 8.678953247070312500e+02
1.419424682617187500e+03 8.752828369140625000e+02
1.317500000000000000e+03 8.840000000000000000e+02
2.122178955078125000e+03 7.096495361328125000e+02
2.017580200195312500e+03 7.187302246093750000e+02
1.916907714843750000e+03 7.284336547851562500e+02
1.814360351562500000e+03 7.382501220703125000e+02
1.713500000000000000e+03 7.480000000000000000e+02
1.612928955078125000e+03 7.573546142578125000e+02
1.511526855468750000e+03 7.644531860351562500e+02
1.409500000000000000e+03 7.740000000000000000e+02
1.309628295898437500e+03 7.808831787109375000e+02
